Programme...:	MICH				
Date........:	   202024-01-				
Heure.......:	     4 10:41:				
Colonnes....:	3				
Lignes......:	506				
D?alage....:	17				
Commentaires:					
					
P.abs.i.(mp):	1.55E+05	P.cal.i.(?m):	4.96E-02	V_min___(mV):	-4.45E+05
P.abs.f.(mp):	1.58E+05	P.cal.f.(?m):	2.51E+01	V_max___(mV):	-3.10E+06
Nbre_de_pts_:	5.06E+02	D?ai___(ms):	8.00E+01	Calibration_:	1.00E+01
					
Source......:	He-Ne				
Filtre......:	Aucun				
D?ecteur...:	Si-PIN3887E				
?ch._du_pico:	2microamp				
					
Temps___(ms):	Pos.cal.(?m):	Tension_(mV):			
6.22E+06	4.96E-02	-2.20E+03			
6.22E+06	9.92E-02	-1.50E+03			
6.22E+06	1.49E-01	-4.81E+02			
6.22E+06	1.98E-01	-1.47E+03			
6.22E+06	2.48E-01	-2.30E+03			
6.22E+06	2.98E-01	-3.10E+03			
6.22E+06	3.47E-01	-3.10E+03			
6.22E+06	3.97E-01	-3.10E+03			
6.22E+06	4.46E-01	-2.05E+03			
6.22E+06	4.96E-01	-1.17E+03			
6.22E+06	5.46E-01	-3.08E+03			
6.22E+06	5.95E-01	-5.20E+02			
6.22E+06	6.45E-01	-2.69E+03			
6.22E+06	6.95E-01	-9.09E+02			
6.22E+06	7.44E-01	-1.18E+03			
6.22E+06	7.94E-01	-1.20E+03			
6.22E+06	8.43E-01	-3.10E+03			
6.22E+06	8.93E-01	-3.10E+03			
6.22E+06	9.43E-01	-3.10E+03			
6.22E+06	9.92E-01	-3.10E+03			
6.22E+06	1.04E+00	-8.01E+02			
6.22E+06	1.09E+00	-9.65E+02			
6.22E+06	1.14E+00	-3.10E+03			
6.22E+06	1.19E+00	-3.10E+03			
6.22E+06	1.24E+00	-3.10E+03			
6.22E+06	1.29E+00	-3.10E+03			
6.22E+06	1.34E+00	-7.38E+02			
6.22E+06	1.39E+00	-6.11E+02			
6.22E+06	1.44E+00	-9.92E+02			
6.22E+06	1.49E+00	-3.10E+03			
6.22E+06	1.54E+00	-3.10E+03			
6.22E+06	1.59E+00	-3.10E+03			
6.22E+06	1.64E+00	-3.10E+03			
6.22E+06	1.69E+00	-1.84E+03			
6.22E+06	1.74E+00	-4.45E+02			
6.23E+06	1.79E+00	-3.09E+03			
6.23E+06	1.84E+00	-3.10E+03			
6.23E+06	1.89E+00	-3.10E+03			
6.23E+06	1.93E+00	-3.10E+03			
6.23E+06	1.98E+00	-4.74E+02			
6.23E+06	2.03E+00	-7.08E+02			
6.23E+06	2.08E+00	-3.10E+03			
6.23E+06	2.13E+00	-3.10E+03			
6.23E+06	2.18E+00	-3.10E+03			
6.23E+06	2.23E+00	-3.10E+03			
6.23E+06	2.28E+00	-1.23E+03			
6.23E+06	2.33E+00	-6.06E+02			
6.23E+06	2.38E+00	-3.10E+03			
6.23E+06	2.43E+00	-3.10E+03			
6.23E+06	2.48E+00	-3.10E+03			
6.23E+06	2.53E+00	-2.27E+03			
6.23E+06	2.58E+00	-1.31E+03			
6.23E+06	2.63E+00	-6.20E+02			
6.23E+06	2.68E+00	-1.31E+03			
6.23E+06	2.73E+00	-3.10E+03			
6.23E+06	2.78E+00	-3.10E+03			
6.23E+06	2.83E+00	-3.10E+03			
6.23E+06	2.88E+00	-3.10E+03			
6.23E+06	2.93E+00	-2.05E+03			
6.23E+06	2.98E+00	-4.59E+02			
6.23E+06	3.03E+00	-3.10E+03			
6.23E+06	3.08E+00	-3.10E+03			
6.23E+06	3.13E+00	-3.10E+03			
6.23E+06	3.18E+00	-1.94E+03			
6.23E+06	3.22E+00	-5.72E+02			
6.23E+06	3.27E+00	-1.36E+03			
6.23E+06	3.32E+00	-3.10E+03			
6.23E+06	3.37E+00	-3.10E+03			
6.23E+06	3.42E+00	-3.10E+03			
6.23E+06	3.47E+00	-2.14E+03			
6.23E+06	3.52E+00	-4.81E+02			
6.23E+06	3.57E+00	-1.04E+03			
6.23E+06	3.62E+00	-3.10E+03			
6.23E+06	3.67E+00	-3.10E+03			
6.23E+06	3.72E+00	-3.10E+03			
6.23E+06	3.77E+00	-9.89E+02			
6.23E+06	3.82E+00	-5.69E+02			
6.23E+06	3.87E+00	-1.27E+03			
6.23E+06	3.92E+00	-1.56E+03			
6.23E+06	3.97E+00	-3.10E+03			
6.23E+06	4.02E+00	-3.10E+03			
6.23E+06	4.07E+00	-1.99E+03			
6.23E+06	4.12E+00	-1.38E+03			
6.23E+06	4.17E+00	-4.52E+02			
6.23E+06	4.22E+00	-1.08E+03			
6.23E+06	4.27E+00	-3.10E+03			
6.23E+06	4.32E+00	-3.10E+03			
6.23E+06	4.37E+00	-3.10E+03			
6.23E+06	4.42E+00	-5.67E+02			
6.23E+06	4.46E+00	-8.70E+02			
6.23E+06	4.51E+00	-3.10E+03			
6.23E+06	4.56E+00	-3.10E+03			
6.23E+06	4.61E+00	-3.10E+03			
6.23E+06	4.66E+00	-1.94E+03			
6.23E+06	4.71E+00	-5.50E+02			
6.23E+06	4.76E+00	-1.82E+03			
6.23E+06	4.81E+00	-3.10E+03			
6.23E+06	4.86E+00	-3.10E+03			
6.23E+06	4.91E+00	-3.10E+03			
6.23E+06	4.96E+00	-6.28E+02			
6.23E+06	5.01E+00	-6.47E+02			
6.23E+06	5.06E+00	-2.27E+03			
6.23E+06	5.11E+00	-3.10E+03			
6.23E+06	5.16E+00	-3.10E+03			
6.23E+06	5.21E+00	-3.10E+03			
6.23E+06	5.26E+00	-5.50E+02			
6.23E+06	5.31E+00	-4.84E+02			
6.23E+06	5.36E+00	-1.22E+03			
6.23E+06	5.41E+00	-3.01E+03			
6.23E+06	5.46E+00	-3.10E+03			
6.23E+06	5.51E+00	-3.10E+03			
6.23E+06	5.56E+00	-1.60E+03			
6.23E+06	5.61E+00	-5.76E+02			
6.23E+06	5.66E+00	-2.93E+03			
6.23E+06	5.71E+00	-3.10E+03			
6.23E+06	5.75E+00	-3.10E+03			
6.23E+06	5.80E+00	-1.03E+03			
6.23E+06	5.85E+00	-4.91E+02			
6.23E+06	5.90E+00	-2.37E+03			
6.23E+06	5.95E+00	-3.10E+03			
6.23E+06	6.00E+00	-3.10E+03			
6.23E+06	6.05E+00	-3.10E+03			
6.23E+06	6.10E+00	-2.02E+03			
6.23E+06	6.15E+00	-7.74E+02			
6.23E+06	6.20E+00	-3.10E+03			
6.23E+06	6.25E+00	-3.10E+03			
6.23E+06	6.30E+00	-3.10E+03			
6.23E+06	6.35E+00	-3.10E+03			
6.23E+06	6.40E+00	-5.13E+02			
6.23E+06	6.45E+00	-5.15E+02			
6.23E+06	6.50E+00	-3.10E+03			
6.23E+06	6.55E+00	-3.10E+03			
6.23E+06	6.60E+00	-3.10E+03			
6.23E+06	6.65E+00	-3.10E+03			
6.23E+06	6.70E+00	-9.75E+02			
6.23E+06	6.75E+00	-7.25E+02			
6.23E+06	6.80E+00	-1.86E+03			
6.23E+06	6.85E+00	-3.10E+03			
6.23E+06	6.90E+00	-3.10E+03			
6.23E+06	6.95E+00	-1.27E+03			
6.23E+06	6.99E+00	-6.20E+02			
6.23E+06	7.04E+00	-3.09E+03			
6.23E+06	7.09E+00	-3.10E+03			
6.23E+06	7.14E+00	-3.10E+03			
6.23E+06	7.19E+00	-2.25E+03			
6.23E+06	7.24E+00	-4.62E+02			
6.23E+06	7.29E+00	-7.30E+02			
6.23E+06	7.34E+00	-1.71E+03			
6.23E+06	7.39E+00	-3.10E+03			
6.23E+06	7.44E+00	-3.10E+03			
6.23E+06	7.49E+00	-1.21E+03			
6.23E+06	7.54E+00	-5.59E+02			
6.23E+06	7.59E+00	-1.95E+03			
6.23E+06	7.64E+00	-2.97E+03			
6.23E+06	7.69E+00	-3.10E+03			
6.23E+06	7.74E+00	-3.10E+03			
6.23E+06	7.79E+00	-2.13E+03			
6.23E+06	7.84E+00	-4.74E+02			
6.23E+06	7.89E+00	-1.42E+03			
6.23E+06	7.94E+00	-3.10E+03			
6.24E+06	7.99E+00	-3.10E+03			
6.24E+06	8.04E+00	-3.10E+03			
6.24E+06	8.09E+00	-1.88E+03			
6.24E+06	8.14E+00	-6.86E+02			
6.24E+06	8.19E+00	-2.45E+03			
6.24E+06	8.24E+00	-3.10E+03			
6.24E+06	8.28E+00	-3.10E+03			
6.24E+06	8.33E+00	-1.90E+03			
6.24E+06	8.38E+00	-4.89E+02			
6.24E+06	8.43E+00	-3.06E+03			
6.24E+06	8.48E+00	-3.10E+03			
6.24E+06	8.53E+00	-3.10E+03			
6.24E+06	8.58E+00	-3.10E+03			
6.24E+06	8.63E+00	-1.54E+03			
6.24E+06	8.68E+00	-5.54E+02			
6.24E+06	8.73E+00	-3.10E+03			
6.24E+06	8.78E+00	-3.10E+03			
6.24E+06	8.83E+00	-3.10E+03			
6.24E+06	8.88E+00	-1.89E+03			
6.24E+06	8.93E+00	-4.71E+02			
6.24E+06	8.98E+00	-1.36E+03			
6.24E+06	9.03E+00	-3.10E+03			
6.24E+06	9.08E+00	-3.10E+03			
6.24E+06	9.13E+00	-3.10E+03			
6.24E+06	9.18E+00	-3.03E+03			
6.24E+06	9.23E+00	-7.77E+02			
6.24E+06	9.28E+00	-4.52E+02			
6.24E+06	9.33E+00	-2.11E+03			
6.24E+06	9.38E+00	-3.10E+03			
6.24E+06	9.43E+00	-3.10E+03			
6.24E+06	9.48E+00	-7.84E+02			
6.24E+06	9.53E+00	-6.11E+02			
6.24E+06	9.57E+00	-1.82E+03			
6.24E+06	9.62E+00	-3.10E+03			
6.24E+06	9.67E+00	-3.10E+03			
6.24E+06	9.72E+00	-2.74E+03			
6.24E+06	9.77E+00	-1.71E+03			
6.24E+06	9.82E+00	-5.23E+02			
6.24E+06	9.87E+00	-2.12E+03			
6.24E+06	9.92E+00	-3.10E+03			
6.24E+06	9.97E+00	-3.10E+03			
6.24E+06	1.00E+01	-1.69E+03			
6.24E+06	1.01E+01	-5.13E+02			
6.24E+06	1.01E+01	-1.57E+03			
6.24E+06	1.02E+01	-2.61E+03			
6.24E+06	1.02E+01	-3.10E+03			
6.24E+06	1.03E+01	-3.10E+03			
6.24E+06	1.03E+01	-2.49E+03			
6.24E+06	1.04E+01	-4.79E+02			
6.24E+06	1.04E+01	-9.94E+02			
6.24E+06	1.05E+01	-2.65E+03			
6.24E+06	1.05E+01	-3.10E+03			
6.24E+06	1.06E+01	-3.10E+03			
6.24E+06	1.06E+01	-2.29E+03			
6.24E+06	1.07E+01	-4.71E+02			
6.24E+06	1.07E+01	-1.45E+03			
6.24E+06	1.08E+01	-3.10E+03			
6.24E+06	1.08E+01	-3.10E+03			
6.24E+06	1.09E+01	-2.16E+03			
6.24E+06	1.09E+01	-9.82E+02			
6.24E+06	1.10E+01	-1.26E+03			
6.24E+06	1.10E+01	-3.10E+03			
6.24E+06	1.11E+01	-3.10E+03			
6.24E+06	1.11E+01	-3.10E+03			
6.24E+06	1.12E+01	-3.10E+03			
6.24E+06	1.12E+01	-8.06E+02			
6.24E+06	1.13E+01	-8.89E+02			
6.24E+06	1.13E+01	-3.10E+03			
6.24E+06	1.14E+01	-3.10E+03			
6.24E+06	1.14E+01	-3.10E+03			
6.24E+06	1.15E+01	-2.81E+03			
6.24E+06	1.15E+01	-8.04E+02			
6.24E+06	1.16E+01	-8.77E+02			
6.24E+06	1.16E+01	-3.10E+03			
6.24E+06	1.17E+01	-3.10E+03			
6.24E+06	1.17E+01	-3.10E+03			
6.24E+06	1.18E+01	-1.80E+03			
6.24E+06	1.18E+01	-7.28E+02			
6.24E+06	1.19E+01	-1.11E+03			
6.24E+06	1.19E+01	-3.10E+03			
6.24E+06	1.20E+01	-3.10E+03			
6.24E+06	1.20E+01	-3.10E+03			
6.24E+06	1.21E+01	-4.79E+02			
6.24E+06	1.21E+01	-1.10E+03			
6.24E+06	1.22E+01	-3.10E+03			
6.24E+06	1.22E+01	-3.10E+03			
6.24E+06	1.23E+01	-3.10E+03			
6.24E+06	1.23E+01	-1.53E+03			
6.24E+06	1.24E+01	-7.40E+02			
6.24E+06	1.24E+01	-5.06E+02			
6.24E+06	1.25E+01	-2.05E+03			
6.24E+06	1.25E+01	-3.10E+03			
6.24E+06	1.26E+01	-3.10E+03			
6.24E+06	1.26E+01	-1.65E+03			
6.24E+06	1.27E+01	-4.93E+02			
6.24E+06	1.27E+01	-1.18E+03			
6.24E+06	1.27E+01	-3.10E+03			
6.24E+06	1.28E+01	-3.10E+03			
6.24E+06	1.28E+01	-3.10E+03			
6.24E+06	1.29E+01	-2.08E+03			
6.24E+06	1.29E+01	-5.64E+02			
6.24E+06	1.30E+01	-1.63E+03			
6.24E+06	1.30E+01	-3.10E+03			
6.24E+06	1.31E+01	-3.10E+03			
6.24E+06	1.31E+01	-3.10E+03			
6.24E+06	1.32E+01	-1.32E+03			
6.24E+06	1.32E+01	-7.43E+02			
6.24E+06	1.33E+01	-3.09E+03			
6.24E+06	1.33E+01	-3.10E+03			
6.24E+06	1.34E+01	-3.10E+03			
6.24E+06	1.34E+01	-2.03E+03			
6.24E+06	1.35E+01	-6.91E+02			
6.24E+06	1.35E+01	-3.10E+03			
6.24E+06	1.36E+01	-3.10E+03			
6.24E+06	1.36E+01	-3.10E+03			
6.24E+06	1.37E+01	-3.10E+03			
6.24E+06	1.37E+01	-1.44E+03			
6.24E+06	1.38E+01	-5.06E+02			
6.24E+06	1.38E+01	-2.88E+03			
6.24E+06	1.39E+01	-3.10E+03			
6.24E+06	1.39E+01	-3.10E+03			
6.24E+06	1.40E+01	-3.10E+03			
6.24E+06	1.40E+01	-5.98E+02			
6.24E+06	1.41E+01	-7.55E+02			
6.24E+06	1.41E+01	-2.34E+03			
6.25E+06	1.42E+01	-3.10E+03			
6.25E+06	1.42E+01	-3.10E+03			
6.25E+06	1.43E+01	-2.89E+03			
6.25E+06	1.43E+01	-1.01E+03			
6.25E+06	1.44E+01	-4.67E+02			
6.25E+06	1.44E+01	-3.10E+03			
6.25E+06	1.45E+01	-3.10E+03			
6.25E+06	1.45E+01	-3.10E+03			
6.25E+06	1.46E+01	-1.49E+03			
6.25E+06	1.46E+01	-5.59E+02			
6.25E+06	1.47E+01	-2.13E+03			
6.25E+06	1.47E+01	-3.10E+03			
6.25E+06	1.48E+01	-3.10E+03			
6.25E+06	1.48E+01	-3.10E+03			
6.25E+06	1.49E+01	-1.38E+03			
6.25E+06	1.49E+01	-5.23E+02			
6.25E+06	1.50E+01	-1.43E+03			
6.25E+06	1.50E+01	-2.87E+03			
6.25E+06	1.51E+01	-3.10E+03			
6.25E+06	1.51E+01	-3.10E+03			
6.25E+06	1.52E+01	-1.68E+03			
6.25E+06	1.52E+01	-1.26E+03			
6.25E+06	1.53E+01	-1.54E+03			
6.25E+06	1.53E+01	-3.10E+03			
6.25E+06	1.54E+01	-3.10E+03			
6.25E+06	1.54E+01	-3.10E+03			
6.25E+06	1.55E+01	-1.40E+03			
6.25E+06	1.55E+01	-4.69E+02			
6.25E+06	1.56E+01	-8.77E+02			
6.25E+06	1.56E+01	-3.10E+03			
6.25E+06	1.57E+01	-3.10E+03			
6.25E+06	1.57E+01	-3.10E+03			
6.25E+06	1.58E+01	-1.18E+03			
6.25E+06	1.58E+01	-8.55E+02			
6.25E+06	1.59E+01	-2.58E+03			
6.25E+06	1.59E+01	-3.10E+03			
6.25E+06	1.60E+01	-3.10E+03			
6.25E+06	1.60E+01	-1.63E+03			
6.25E+06	1.61E+01	-4.59E+02			
6.25E+06	1.61E+01	-1.32E+03			
6.25E+06	1.62E+01	-3.09E+03			
6.25E+06	1.62E+01	-3.10E+03			
6.25E+06	1.63E+01	-3.10E+03			
6.25E+06	1.63E+01	-2.86E+03			
6.25E+06	1.64E+01	-6.91E+02			
6.25E+06	1.64E+01	-1.53E+03			
6.25E+06	1.65E+01	-3.10E+03			
6.25E+06	1.65E+01	-3.10E+03			
6.25E+06	1.66E+01	-3.10E+03			
6.25E+06	1.66E+01	-3.10E+03			
6.25E+06	1.67E+01	-5.20E+02			
6.25E+06	1.67E+01	-8.38E+02			
6.25E+06	1.68E+01	-2.87E+03			
6.25E+06	1.68E+01	-3.10E+03			
6.25E+06	1.69E+01	-3.10E+03			
6.25E+06	1.69E+01	-3.10E+03			
6.25E+06	1.70E+01	-1.15E+03			
6.25E+06	1.70E+01	-8.04E+02			
6.25E+06	1.71E+01	-2.24E+03			
6.25E+06	1.71E+01	-3.10E+03			
6.25E+06	1.72E+01	-3.10E+03			
6.25E+06	1.72E+01	-1.78E+03			
6.25E+06	1.73E+01	-1.48E+03			
6.25E+06	1.73E+01	-1.22E+03			
6.25E+06	1.74E+01	-2.98E+03			
6.25E+06	1.74E+01	-3.10E+03			
6.25E+06	1.75E+01	-3.10E+03			
6.25E+06	1.75E+01	-3.10E+03			
6.25E+06	1.76E+01	-2.32E+03			
6.25E+06	1.76E+01	-5.25E+02			
6.25E+06	1.77E+01	-2.02E+03			
6.25E+06	1.77E+01	-3.10E+03			
6.25E+06	1.78E+01	-3.10E+03			
6.25E+06	1.78E+01	-3.10E+03			
6.25E+06	1.79E+01	-1.97E+03			
6.25E+06	1.79E+01	-6.60E+02			
6.25E+06	1.80E+01	-2.59E+03			
6.25E+06	1.80E+01	-3.10E+03			
6.25E+06	1.81E+01	-3.10E+03			
6.25E+06	1.81E+01	-3.10E+03			
6.25E+06	1.82E+01	-2.81E+03			
6.25E+06	1.82E+01	-7.91E+02			
6.25E+06	1.83E+01	-7.67E+02			
6.25E+06	1.83E+01	-3.09E+03			
6.25E+06	1.84E+01	-3.10E+03			
6.25E+06	1.84E+01	-2.47E+03			
6.25E+06	1.85E+01	-1.96E+03			
6.25E+06	1.85E+01	-4.59E+02			
6.25E+06	1.86E+01	-1.05E+03			
6.25E+06	1.86E+01	-3.10E+03			
6.25E+06	1.87E+01	-3.10E+03			
6.25E+06	1.87E+01	-3.10E+03			
6.25E+06	1.88E+01	-3.10E+03			
6.25E+06	1.88E+01	-1.69E+03			
6.25E+06	1.89E+01	-6.40E+02			
6.25E+06	1.89E+01	-3.10E+03			
6.25E+06	1.90E+01	-3.10E+03			
6.25E+06	1.90E+01	-3.10E+03			
6.25E+06	1.91E+01	-3.10E+03			
6.25E+06	1.91E+01	-1.35E+03			
6.25E+06	1.91E+01	-4.62E+02			
6.25E+06	1.92E+01	-2.64E+03			
6.25E+06	1.92E+01	-2.99E+03			
6.25E+06	1.93E+01	-3.10E+03			
6.25E+06	1.93E+01	-3.10E+03			
6.25E+06	1.94E+01	-3.10E+03			
6.25E+06	1.94E+01	-1.03E+03			
6.25E+06	1.95E+01	-5.23E+02			
6.25E+06	1.95E+01	-3.00E+03			
6.25E+06	1.96E+01	-3.10E+03			
6.25E+06	1.96E+01	-3.10E+03			
6.25E+06	1.97E+01	-3.06E+03			
6.25E+06	1.97E+01	-1.50E+03			
6.25E+06	1.98E+01	-8.79E+02			
6.25E+06	1.98E+01	-2.64E+03			
6.25E+06	1.99E+01	-3.10E+03			
6.25E+06	1.99E+01	-3.10E+03			
6.25E+06	2.00E+01	-3.10E+03			
6.25E+06	2.00E+01	-3.10E+03			
6.25E+06	2.01E+01	-9.36E+02			
6.25E+06	2.01E+01	-7.11E+02			
6.25E+06	2.02E+01	-3.10E+03			
6.25E+06	2.02E+01	-3.10E+03			
6.25E+06	2.03E+01	-3.10E+03			
6.25E+06	2.03E+01	-3.10E+03			
6.26E+06	2.04E+01	-1.30E+03			
6.26E+06	2.04E+01	-4.79E+02			
6.26E+06	2.05E+01	-8.96E+02			
6.26E+06	2.05E+01	-3.10E+03			
6.26E+06	2.06E+01	-3.10E+03			
6.26E+06	2.06E+01	-3.10E+03			
6.26E+06	2.07E+01	-3.10E+03			
6.26E+06	2.07E+01	-2.91E+03			
6.26E+06	2.08E+01	-4.64E+02			
6.26E+06	2.08E+01	-1.44E+03			
6.26E+06	2.09E+01	-3.10E+03			
6.26E+06	2.09E+01	-3.10E+03			
6.26E+06	2.10E+01	-3.10E+03			
6.26E+06	2.10E+01	-1.72E+03			
6.26E+06	2.11E+01	-4.62E+02			
6.26E+06	2.11E+01	-1.68E+03			
6.26E+06	2.12E+01	-3.10E+03			
6.26E+06	2.12E+01	-3.10E+03			
6.26E+06	2.13E+01	-3.10E+03			
6.26E+06	2.13E+01	-3.10E+03			
6.26E+06	2.14E+01	-1.99E+03			
6.26E+06	2.14E+01	-5.72E+02			
6.26E+06	2.15E+01	-9.31E+02			
6.26E+06	2.15E+01	-3.10E+03			
6.26E+06	2.16E+01	-3.10E+03			
6.26E+06	2.16E+01	-3.10E+03			
6.26E+06	2.17E+01	-3.10E+03			
6.26E+06	2.17E+01	-1.15E+03			
6.26E+06	2.18E+01	-4.62E+02			
6.26E+06	2.18E+01	-1.50E+03			
6.26E+06	2.19E+01	-3.05E+03			
6.26E+06	2.19E+01	-3.10E+03			
6.26E+06	2.20E+01	-3.10E+03			
6.26E+06	2.20E+01	-3.10E+03			
6.26E+06	2.21E+01	-6.69E+02			
6.26E+06	2.21E+01	-4.98E+02			
6.26E+06	2.22E+01	-1.55E+03			
6.26E+06	2.22E+01	-3.10E+03			
6.26E+06	2.23E+01	-3.10E+03			
6.26E+06	2.23E+01	-3.10E+03			
6.26E+06	2.24E+01	-2.68E+03			
6.26E+06	2.24E+01	-9.01E+02			
6.26E+06	2.25E+01	-5.42E+02			
6.26E+06	2.25E+01	-1.33E+03			
6.26E+06	2.26E+01	-2.24E+03			
6.26E+06	2.26E+01	-3.10E+03			
6.26E+06	2.27E+01	-3.10E+03			
6.26E+06	2.27E+01	-3.05E+03			
6.26E+06	2.28E+01	-1.32E+03			
6.26E+06	2.28E+01	-6.45E+02			
6.26E+06	2.29E+01	-6.30E+02			
6.26E+06	2.29E+01	-3.10E+03			
6.26E+06	2.30E+01	-3.10E+03			
6.26E+06	2.30E+01	-3.10E+03			
6.26E+06	2.31E+01	-3.10E+03			
6.26E+06	2.31E+01	-2.40E+03			
6.26E+06	2.32E+01	-1.39E+03			
6.26E+06	2.32E+01	-4.62E+02			
6.26E+06	2.33E+01	-1.07E+03			
6.26E+06	2.33E+01	-3.10E+03			
6.26E+06	2.34E+01	-3.10E+03			
6.26E+06	2.34E+01	-3.10E+03			
6.26E+06	2.35E+01	-1.49E+03			
6.26E+06	2.35E+01	-9.60E+02			
6.26E+06	2.36E+01	-1.58E+03			
6.26E+06	2.36E+01	-1.61E+03			
6.26E+06	2.37E+01	-3.10E+03			
6.26E+06	2.37E+01	-3.10E+03			
6.26E+06	2.38E+01	-3.10E+03			
6.26E+06	2.38E+01	-2.43E+03			
6.26E+06	2.39E+01	-1.66E+03			
6.26E+06	2.39E+01	-4.64E+02			
6.26E+06	2.40E+01	-1.85E+03			
6.26E+06	2.40E+01	-3.10E+03			
6.26E+06	2.41E+01	-3.10E+03			
6.26E+06	2.41E+01	-3.10E+03			
6.26E+06	2.42E+01	-3.10E+03			
6.26E+06	2.42E+01	-8.01E+02			
6.26E+06	2.43E+01	-5.57E+02			
6.26E+06	2.43E+01	-1.85E+03			
6.26E+06	2.44E+01	-3.10E+03			
6.26E+06	2.44E+01	-3.10E+03			
6.26E+06	2.45E+01	-3.10E+03			
6.26E+06	2.45E+01	-3.10E+03			
6.26E+06	2.46E+01	-1.78E+03			
6.26E+06	2.46E+01	-4.64E+02			
6.26E+06	2.47E+01	-1.86E+03			
6.26E+06	2.47E+01	-3.10E+03			
6.26E+06	2.48E+01	-3.10E+03			
6.26E+06	2.48E+01	-3.10E+03			
6.26E+06	2.49E+01	-1.51E+03			
6.26E+06	2.49E+01	-4.62E+02			
6.26E+06	2.50E+01	-2.77E+03			
6.26E+06	2.50E+01	-3.10E+03			
6.26E+06	2.51E+01	-3.10E+03			
6.26E+06	2.51E+01	-3.10E+03			
